9.245594618
9.253216298
9.249945401
9.258219044
9.244146313
9.256708734
9.232628367
9.250289009
9.248206355
9.260228005
9.259407509
9.243789833
9.24567114
9.255941741
9.254244605
9.247983158
9.244468161
9.266863541
9.250404305
9.255053505
9.274655592
9.23954018
9.237099091
9.257573242
9.254804933
9.248391068
9.244667393
9.251137465
9.273108278
9.262221265
9.259308159
9.24513804
9.246138807
9.229960058
9.249260584
9.270246151
9.265603753
9.250807529
9.259062961
9.249452428
9.258042269
9.257151751
9.239329046
9.255279663
9.265681163
9.253895892
9.255488298
9.280704498
9.256911454
9.257883351
9.249957786
9.257414444
9.259968216
9.255812916
9.241944919
9.253559846
9.270246058
9.258966868
9.263274537
9.251393806
9.260851837
9.260250874
9.245031
9.253988205
9.247650351
9.248337818
9.256601901
9.261972023
9.24369812
9.265310518
9.256783019
9.247631574
9.2422223
9.249104552
9.25119473
9.256089764
9.251518264
9.239057472
9.25209863
9.256038193
9.257867452
9.248679607
9.270514007
9.234088138
9.26953539
9.259138949
9.262664966
9.256903058
9.265533861
9.249197854
9.239534335
9.265939143
9.249849212
9.261540059
9.265860111
9.244250772
9.262736637
9.246189119
9.251411856
9.255621002
9.243733404
9.248948901
9.267942121
9.263174652
9.255294746
9.257571837
9.249181221
9.267432513
9.249928896
9.257132974
9.264026872
9.254619542
9.269062154
9.236690207
9.26945533
9.252756985
9.257162048
9.235623148
9.246160386
9.247408207
9.245305653
9.252282387
9.262905492
9.256490598
9.259521226
9.242723608
9.245851574
9.271349114
9.248375048
9.270343536
9.253724884
9.25712625
9.265748643
9.26777951
9.249345568
9.251310555
9.255576889
9.259911541
9.261085315
9.252973375
9.258894584
9.271393809
9.261158122
9.256515585
9.243224614
9.230737922
9.258010848
9.253299463
9.252072869
9.257919419
9.260519015
9.262827919
9.256997707
9.24638113
9.261508546
9.252724384
9.260014193
9.258445035
9.248238509
9.252405201
9.255639791
9.25344449
9.252022588
9.237804118
9.252964938
9.264803793
9.250613921
9.252065759
9.261759619
9.245041113
9.241341216
9.249741485
9.249131903
9.243055325
9.25466657
9.264305036
9.251064472
9.252460359
9.271178253
9.251634506
9.257944785
9.248812102
9.246373094
9.250371361
9.253221835
9.252662873
9.275447871
9.24873072
9.248359343
9.258983093
9.256661362
9.257086695
9.268176132
9.230644323
9.227516886
9.248984605
9.267762552
9.239331696
9.224541194
9.262613185
9.256099448
9.243254861
9.246056866
9.247928856
9.262392901
9.251264563
9.262549729
9.226908996
9.243983282
9.244513579
9.252689236
9.246789296
9.261655301
9.238656838
9.256184404
9.2613259
9.272729506
9.248897645
9.256338677
9.234726651
9.237572678
9.262612524
9.25408796
9.263084522
9.250204289
9.256594101
9.270847847
9.259798895
9.258986954
9.257500777
9.245242932
9.268698211
9.246177575
9.25871652
9.241148051
9.249590748
9.264155424
9.254888079
9.268696637
9.256364854
9.23742464
9.260676128
9.251389627
9.263039631
9.257693993
9.240439969
9.254618665
9.270740938
9.261595611
9.255407768
9.262028325
9.255217644
9.255406449
9.240538081
9.254657475
9.26119344
9.245879974
9.265884759
9.249398071
9.252163618
9.26746011
9.24994703
9.262542569
9.253222855
9.257515241
9.257057244
9.260483746
9.234760443
9.240672594
9.26536513
9.257123024
9.257100368
9.23885191
9.246710975
9.234901032
9.256000495
9.245141199
9.242308527
9.251979529
9.258349033
9.272331888
9.242598023
9.268328987
9.265423565
9.25204828
9.257797165
9.247149459
9.260263449
9.267036888
9.262889098
9.263831802
9.2520497
9.236864734
9.250285495
9.269585039
9.240154636
9.245218684
9.258036974
9.247584092
9.248203211
9.25026451
9.241252432
9.248130365
9.262803757
9.241945936
9.242977148
9.248574881
9.259170145
9.250834506
9.247746615
9.254417797
9.24202903
9.257105323
9.258832829
9.2491527
9.263342916
9.24013051
9.264580549
9.255655056
9.253149323
9.255199275
9.250444221
9.269050344
9.245381939
9.248257667
9.264319947
9.24781458
9.263694512
9.2717893
9.246194271
9.259570306
9.243376017
9.262453308
9.259918729
9.256997472
9.247406307
9.237958973
9.257194265
9.234689465
9.25396682
9.26054386
9.257725567
9.268054837
9.262685529
9.247797147
9.259663113
9.253562491
9.233994187
9.240505235
9.249668868
9.237613778
9.256244718
9.25292416
9.242504938
9.257005052
9.263865232
9.252334092
9.249252327
9.255219803
9.260291789
9.257478484
9.247448699
9.257493656
9.263244786
9.248714053
9.270003191
9.253684149
9.254220586
9.247182335
9.261236507
9.235177704
9.246584518
9.24160847
9.25582706
9.265155239
9.262789061
9.239949343
9.267403253
9.259183495
9.246029683
9.254589572
9.254673339
9.246068192
9.26126721
9.251480759
9.251086329
9.252163785
9.237295494
9.252419176
9.254133528
9.257585154
9.262793923
9.258048836
9.250248555
9.258614311
9.244428221
9.247093159
9.247875483
9.259500898
9.264344785
9.255975047
9.263573061
9.248109803
9.258240498
9.2512415
9.262612104
9.249445489
9.254394683
9.25919665
9.26596651
9.247116106
9.252745137
9.242843222
9.234062252
9.254649028
9.262182468
9.256126331
9.231214054
9.249933668
9.230938318
9.267519953
9.241402898
9.268936304
9.2632571
9.245934947
9.246100252
9.260678018
9.24689344
9.25357115
9.245368694
9.236363555
9.232389255
9.257157341
9.248608517
9.251555471
9.259498507
9.265454568
9.255528045
9.252560974
9.259222619
9.240528831
9.255070441
9.257507864
9.259553608
9.23893011
9.247101134
9.242884919
9.26059292
9.260097329
9.264699574
9.248956412
9.250467135
9.270117201
9.254431743
9.269188169
9.261316204
9.242305803
9.24165113
9.237518168
9.260321807
9.265651293
9.273683427
9.265582366
9.263440682
9.243931401
9.244000167
9.263438194
9.259318546
9.254850814
9.258692453
9.261956319
9.267690538
9.265700776
9.258409152
9.262113724
9.264056896
9.249987201
9.261704951
9.240513355
9.26755427
9.249150326
9.258657222
9.247171497
9.25998351
9.247829809
9.2420696
9.259026753
9.250604932
9.260938411
9.253708675
9.257280459
9.2487383
9.248258047
9.256300486
9.263880161
9.266732817
9.246954716
9.262913257
9.228564445
9.248152621
9.247842599
9.243724556
9.240561737
9.254748601
9.25144032
9.26060773
9.258232947
9.250193106
9.260216572
9.253726734
9.24415266
9.266563716
9.251082376
9.246822964
9.256435362
9.242094694
9.252301835
9.259683862
9.25454581
9.242278213
9.248179099
9.262862652
9.261444259
9.272237981
9.263300325
9.263647646
9.245023639
9.261863458
9.253774636
9.249359417
9.259902235
9.261426085
9.263043937
9.247217764
9.261184554
9.255805837
9.253838229
9.250974785
9.249316724
9.264490298
9.249827286
9.277365553
9.24130354
9.248683944
9.257174341
9.255530928
9.25948295
9.255534069
9.25719583
9.256311476
9.264946536
9.26365257
9.2623558
9.247595242
9.253852553
9.24795454
9.245665857
9.261004192
9.249707201
9.262974194
9.241952508
9.270580018
9.244732781
9.258864443
9.262173435
9.251398994
9.265662029
9.245306838
9.268944221
9.252123624
9.24923664
9.250515242
9.261289637
9.248314931
9.245106462
9.247278748
9.242012217
9.272125832
9.245777726
9.262497093
9.261972326
9.248492659
9.25926863
9.263098073
9.256261935
9.263787393
9.262422147
9.25566237
9.25380303
9.249046896
9.247549069
9.255874036
9.257719889
9.235716504
9.257809951
9.251388592
9.253332094
9.265934523
9.258979122
9.268148306
9.252242933
9.263144844
9.2692846
9.269579099
9.24581786
9.253028716
9.248040583
9.258238255
9.263602834
9.247104264
9.257221124
9.240969341
9.270971257
9.250280914
9.253862061
9.244806602
9.26489257
9.227568767
9.255693143
9.253357283
9.249676274
9.265787927
9.243939681
9.26322239
9.262817865
9.26615618
9.249499537
9.250625226
9.262649425
9.259714838
9.23840159
9.252174119
9.258757242
9.263337998
9.24630403
9.229731885
9.265383483
9.240666185
9.235137184
9.229168829
9.264471087
9.254400384
9.244807983
9.271370698
9.262766579
9.264873199
9.240181493
9.25879516
9.24381877
9.255246444
9.251974313
9.26078866
9.254821615
9.263657592
9.258839391
9.2724456
9.254650466
9.245930669
9.260863673
9.245473195
9.268311231
9.249581953
9.249550245
9.246295978
9.260054736
9.249316469
9.250752351
9.272142185
9.242032193
9.258793567
9.267720041
9.239787443
9.257426702
9.252840813
9.258713676
9.245909483
9.261668245
9.268716289
9.263726716
9.255704492
9.249982608
9.248480171
9.265571241
9.248422946
9.243596937
9.256772183
9.250880966
9.24458757
9.237873692
9.249827744
9.254187995
9.252164952
9.264479384
9.256731422
9.257745861
9.254384091
9.258372407
9.264462928
9.255640642
9.252123816
9.245503009
9.240780529
9.261087001
9.258433749
9.259151142
9.247781853
9.27046818
9.251113391
9.261451715
9.259673342
9.249375501
9.257369002
9.260928698
9.259169501
9.256610275
9.253231176
9.278079341
9.264986985
9.262989638
9.250509917
9.262873046
9.264330049
9.252876835
9.250278239
9.252771441
9.2220042
9.250582116
9.24960315
9.26986209
9.254796697
9.243355171
9.254421463
9.247921912
9.258613634
9.255861707
9.262840759
9.249053075
9.25899593
9.240381085
9.261525137
9.260500843
9.256595284
9.254835104
9.254532837
9.264690302
9.253143734
9.2549807
9.245272165
9.246677929
9.252958341
9.264844935
9.248968528
9.256441223
9.247233027
9.249271398
9.254599624
9.242487196
9.26568724
9.247165014
9.263805326
9.243088941
9.262381662
9.258255513
9.254418918
9.245857192
9.256187038
9.245552907
9.252203008
9.26485028
9.257627954
9.260143371
9.245284787
9.262668485
9.25262209
9.234129901
9.258387101
9.255793858
9.264893928
9.244706594
9.227271843
9.253924554
9.255561019
9.240380997
9.251533971
9.279834973
9.253576754
9.261226473
9.254134496
9.230545153
9.253450903
9.247792309
9.244101486
9.254528461
9.257594942
9.252583951
9.242767564
9.267850704
9.23599415
9.237194558
9.259798103
9.260271664
9.253571243
9.240704081
9.253262435
9.255599801
9.240368066
9.241522266
9.259794928
9.275446206
9.25024198
9.264818102
9.241048059
9.261469352
9.244984595
9.250847139
9.254370252
9.26471214
9.247159753
9.257100542
9.251441006
9.253392448
9.253808002
9.243839653
9.257954291
9.252527056
9.252347689
9.255242637
9.262238144
9.263748224
9.248822524
9.262141369
9.243449691
9.25713976
9.262770538
9.237577308
9.254457903
9.24513829
9.251752291
9.263848619
9.247072054
9.248295879
9.25214252
9.256960669
9.247555623
9.267545799
9.258161862
9.242728975
9.247102507
9.247005253
9.257628471
9.231125703
9.277012803
9.261373075
9.253424739
9.261857143
9.271439111
9.256647475
9.262100277
9.25513716
9.251701253
9.253812647
9.250528254
9.247475797
9.237274155
9.252488503
9.237497695
9.254705884
9.252490694
9.254309191
9.24885853
9.281425457
9.267914797
9.244244281
9.254390401
9.252666133
9.242650534
9.237861023
9.259817327
9.246187429
9.264603337
9.257285713
9.271323324
9.248741848
9.254996795
9.256510093
9.255017878
9.245572723
9.267329579
9.250578077
9.259672017
9.246522722
9.245464835
9.245608029
9.249395295
9.246165867
9.257465989
9.234760929
9.24740045
9.261072145
9.263375267
9.250942513
9.23833335
9.2448318
9.254252557
9.258244858
9.26227095
9.249679793
9.236026388
9.261877089
9.244637744
9.25137203
9.266775256
9.265898754
9.257351466
9.242336526
9.254239301
9.266800634
9.246084985
9.269044237
9.263668246
9.273611054
9.258034365
9.261982293
9.268064185
9.254038898
9.247735047
9.252479777
9.257432487
9.246097964
9.254557378
9.262221777
9.232255332
9.269233369
9.258723559
9.255154477
9.261014282
9.258197357
9.261752861
9.2672999
9.248001971
9.256530236
9.255002069
9.2555328
9.243734229
9.272286909
9.266690968
9.246247556
9.245648196
9.24656615
9.254634647
9.257364357
9.266419385
9.260080812
9.2659731
9.259259531
9.244286651
9.252611049
9.266235661
9.25304984
9.265111799
9.249558164
9.251078746
9.253719165
9.253804948
9.252494232
9.252932118
9.248432404
9.268504057
9.252977195
9.26655183
9.271598608
9.254015767
9.247334732
9.229454795
9.242377783
9.240270402
9.272088017
9.257563805
9.259032415
9.235551932
9.240899623
9.26746623
9.262939504
9.254492113
9.264397717
9.268306853
9.25050536
9.255518755
9.257751806
9.275775727
9.236817263
9.261931554
9.250930006
9.261444108
9.251077899
9.254786365
9.26453857
9.280147694
9.263533212
9.243663395
