9.245119
9.252871
9.249956
9.252523
9.248853
9.254281
9.230940
9.246277
9.248123
9.262268
9.245289
9.246990
9.246728
9.260477
9.259914
9.246813
9.236734
9.264697
9.246897
9.252866
9.273841
9.242486
9.232981
9.250504
9.259567
9.243754
9.244386
9.253896
9.276118
9.256072
9.254190
9.251798
9.243244
9.231200
9.253649
9.276568
9.261479
9.253024
9.257327
9.248486
9.254728
9.251271
9.242980
9.252272
9.259318
9.258468
9.257862
9.275918
9.258086
9.258393
9.253405
9.247852
9.256715
9.259751
9.241985
9.256175
9.273616
9.259846
9.263456
9.254469
9.262400
9.258900
9.248349
9.248408
9.255389
9.242675
9.253477
9.257818
9.252395
9.264235
9.260438
9.245203
9.240388
9.242989
9.250276
9.253883
9.259282
9.244799
9.253641
9.251436
9.252347
9.251066
9.267114
9.236574
9.271520
9.252302
9.253813
9.253526
9.269569
9.244839
9.244148
9.261643
9.247313
9.259149
9.263068
9.243554
9.257158
9.244461
9.252070
9.262249
9.236705
9.257917
9.267641
9.254902
9.254307
9.261822
9.244755
9.264789
9.253388
9.262990
9.273662
9.251943
9.272237
9.241903
9.266655
9.248394
9.257311
9.244747
9.245818
9.248837
9.244498
9.246945
9.267799
9.264362
9.264007
9.247171
9.246862
9.269297
9.243988
9.272988
9.252579
9.253156
9.271386
9.266498
9.244183
9.256682
9.249166
9.267513
9.257720
9.256116
9.257106
9.274164
9.255573
9.253912
9.240816
9.236705
9.251802
9.257415
9.247015
9.252857
9.266815
9.267451
9.257075
9.251246
9.263964
9.254718
9.271172
9.255806
9.240351
9.254828
9.254200
9.251147
9.251877
9.241858
9.254080
9.269869
9.260794
9.253820
9.260108
9.240012
9.232432
9.248281
9.249413
9.249010
9.260351
9.264211
9.250134
9.242487
9.274072
9.248848
9.254267
9.242486
9.254490
9.254268
9.250840
9.246234
9.278886
9.246336
9.248624
9.258149
9.241468
9.247399
9.266984
9.231866
9.227325
9.243712
9.264887
9.250485
9.224272
9.269851
9.263360
9.247112
9.251894
9.245935
9.264658
9.249837
9.260498
9.227730
9.241560
9.248087
9.254859
9.260193
9.262210
9.233324
9.255831
9.258368
9.275180
9.245593
9.260322
9.232170
9.244115
9.262907
9.248342
9.269473
9.248059
9.261899
9.274569
9.261040
9.254299
9.260860
9.242161
9.268525
9.246794
9.260489
9.245638
9.244417
9.266693
9.251204
9.272917
9.246669
9.250411
9.259098
9.250811
9.257359
9.255193
9.244979
9.250093
9.275161
9.257563
9.257890
9.254915
9.255965
9.252643
9.235608
9.255834
9.258598
9.239397
9.271175
9.244569
9.252970
9.262034
9.251782
9.264027
9.253064
9.266984
9.256279
9.262132
9.242416
9.238584
9.265447
9.258873
9.260558
9.239620
9.244231
9.241334
9.255857
9.235914
9.239750
9.245901
9.261628
9.268598
9.244316
9.272065
9.262061
9.252829
9.264516
9.238741
9.261699
9.270052
9.265603
9.263966
9.251607
9.238076
9.247677
9.262106
9.236992
9.251257
9.264833
9.233317
9.242356
9.249364
9.241733
9.246730
9.259879
9.238656
9.257859
9.248927
9.263166
9.245191
9.249229
9.253183
9.242012
9.254815
9.252995
9.253217
9.256007
9.226319
9.261216
9.253025
9.251713
9.253357
9.242103
9.271919
9.239391
9.243129
9.273629
9.247405
9.262413
9.276247
9.236251
9.261648
9.246645
9.261498
9.253509
9.253377
9.246148
9.241033
9.256991
9.229720
9.249506
9.258240
9.260993
9.264076
9.266415
9.244518
9.251285
9.257066
9.232990
9.239206
9.246746
9.232477
9.266101
9.247312
9.244862
9.246842
9.268657
9.261000
9.253437
9.256234
9.263935
9.252958
9.242977
9.258063
9.263725
9.250060
9.272327
9.250107
9.260267
9.249946
9.259310
9.230770
9.245931
9.234052
9.257535
9.270680
9.262797
9.240615
9.262152
9.258668
9.240435
9.252065
9.255614
9.248730
9.253479
9.257107
9.256260
9.264119
9.237501
9.253524
9.259196
9.258959
9.253424
9.257467
9.254673
9.261514
9.243823
9.245646
9.248668
9.259300
9.261506
9.255695
9.255237
9.248032
9.258899
9.247176
9.265675
9.248260
9.254791
9.254734
9.266814
9.245380
9.254366
9.245512
9.232365
9.258475
9.257929
9.265384
9.233404
9.245903
9.228623
9.265660
9.247637
9.271221
9.268297
9.235866
9.248324
9.260187
9.241585
9.248375
9.249865
9.247029
9.236573
9.258381
9.248987
9.255122
9.259033
9.271868
9.247229
9.251162
9.264493
9.236000
9.255438
9.250648
9.257625
9.241788
9.248309
9.242113
9.263756
9.253792
9.259319
9.247908
9.246568
9.265273
9.254746
9.265682
9.261149
9.258596
9.241697
9.244055
9.265060
9.269803
9.267709
9.261634
9.262872
9.245855
9.247022
9.261691
9.261155
9.263674
9.257081
9.265789
9.269111
9.264241
9.250042
9.260969
9.274183
9.251800
9.256903
9.242489
9.269612
9.253790
9.259509
9.254502
9.251468
9.251674
9.237001
9.264322
9.255818
9.261449
9.252145
9.260838
9.245578
9.245623
9.258168
9.253692
9.261119
9.234535
9.258171
9.231022
9.248862
9.247463
9.246211
9.241841
9.257622
9.249199
9.258850
9.257834
9.248773
9.257575
9.257974
9.246151
9.268325
9.250362
9.252713
9.253212
9.246353
9.245923
9.263326
9.260643
9.237969
9.245104
9.262493
9.265253
9.274469
9.263812
9.264783
9.242925
9.268907
9.255476
9.244490
9.269224
9.266676
9.270716
9.243904
9.259906
9.258317
9.251880
9.253636
9.243786
9.267265
9.243730
9.275221
9.244363
9.240802
9.252470
9.259217
9.262219
9.249193
9.256109
9.267476
9.266562
9.267631
9.267775
9.240612
9.254786
9.251733
9.242960
9.262422
9.249387
9.262567
9.239707
9.266672
9.243915
9.263909
9.261699
9.248933
9.269833
9.246395
9.266317
9.259938
9.247501
9.254544
9.265365
9.250798
9.243683
9.248558
9.234307
9.268065
9.242920
9.263389
9.264521
9.255732
9.254501
9.260801
9.258013
9.264861
9.275516
9.256792
9.252060
9.237596
9.247502
9.257392
9.251325
9.236966
9.260314
9.250047
9.263994
9.264030
9.252405
9.276190
9.256478
9.266029
9.271878
9.280990
9.244823
9.262503
9.243911
9.251577
9.255820
9.263784
9.259003
9.239564
9.266073
9.257531
9.254424
9.248712
9.266704
9.221093
9.253691
9.254067
9.251677
9.263150
9.241143
9.263244
9.259567
9.269327
9.254115
9.252391
9.255232
9.262862
9.231749
9.255518
9.259868
9.262571
9.247527
9.232792
9.268249
9.237406
9.241152
9.222217
9.263339
9.252698
9.242930
9.270224
9.256703
9.268846
9.248156
9.253839
9.240568
9.242568
9.245557
9.266216
9.255688
9.265987
9.259545
9.273290
9.252682
9.256426
9.261774
9.243828
9.269497
9.246340
9.263328
9.242052
9.266164
9.243470
9.254210
9.276279
9.240214
9.259644
9.266084
9.235298
9.254958
9.249841
9.259095
9.247285
9.257526
9.271322
9.265324
9.252695
9.255229
9.240981
9.258181
9.256251
9.239439
9.254396
9.250300
9.247327
9.243272
9.248199
9.247712
9.251024
9.274762
9.262700
9.260037
9.256337
9.260431
9.261067
9.259375
9.256334
9.244734
9.245026
9.263502
9.257431
9.257069
9.244620
9.265724
9.252056
9.263276
9.258133
9.246681
9.259518
9.256754
9.257697
9.258474
9.257290
9.287310
9.257420
9.264128
9.246774
9.271203
9.267095
9.251422
9.253653
9.252297
9.212016
9.255394
9.253653
9.267778
9.265098
9.246260
9.250435
9.255049
9.255461
9.252909
9.268488
9.250862
9.255493
9.245565
9.260142
9.256316
9.257848
9.253797
9.253128
9.262056
9.254761
9.245661
9.247556
9.248605
9.252082
9.261521
9.259571
9.255647
9.246921
9.255950
9.255308
9.236910
9.270374
9.244794
9.258352
9.241051
9.265106
9.261874
9.244421
9.248126
9.263906
9.239921
9.248415
9.256201
9.258278
9.261451
9.238919
9.259270
9.241099
9.241161
9.259896
9.255699
9.266638
9.242087
9.228741
9.242454
9.252061
9.225356
9.252888
9.281822
9.252322
9.256640
9.248461
9.225704
9.253776
9.251631
9.245494
9.251670
9.258606
9.255990
9.237408
9.267833
9.233617
9.239698
9.258921
9.255065
9.258142
9.235293
9.255500
9.251065
9.242365
9.244152
9.255595
9.282937
9.255167
9.270338
9.243663
9.254299
9.242798
9.252801
9.256264
9.256531
9.243161
9.253791
9.252546
9.258957
9.257212
9.247672
9.264420
9.263934
9.254574
9.257431
9.271494
9.267966
9.249032
9.261763
9.240583
9.254137
9.261832
9.235762
9.242085
9.237764
9.251273
9.271233
9.246945
9.247534
9.247248
9.252812
9.247492
9.265159
9.251444
9.237482
9.237690
9.246935
9.256453
9.229491
9.277774
9.260919
9.249904
9.260089
9.273057
9.254035
9.266491
9.248462
9.254679
9.263939
9.251219
9.253293
9.236860
9.261592
9.241515
9.252813
9.253584
9.250726
9.246299
9.277708
9.262085
9.241594
9.246838
9.248885
9.249768
9.231524
9.259828
9.232417
9.266267
9.254222
9.268099
9.252268
9.258005
9.252287
9.250546
9.244043
9.262994
9.252046
9.259583
9.249606
9.242824
9.235227
9.249050
9.253015
9.253478
9.232124
9.246086
9.261592
9.269283
9.254083
9.233878
9.241953
9.254982
9.256915
9.264025
9.247233
9.239660
9.260914
9.249186
9.250010
9.262723
9.264093
9.261629
9.240472
9.251940
9.260714
9.245606
9.261705
9.258221
9.266085
9.252470
9.264294
9.278205
9.250788
9.255192
9.249300
9.261281
9.246082
9.254298
9.252323
9.229988
9.264277
9.252916
9.253439
9.270276
9.251870
9.253841
9.263226
9.243805
9.252869
9.258548
9.253468
9.243507
9.271307
9.266062
9.242938
9.249596
9.247567
9.255348
9.257634
9.270944
9.256825
9.264131
9.258793
9.241023
9.252852
9.269986
9.241232
9.268496
9.258308
9.254396
9.260586
9.247294
9.248934
9.255541
9.244382
9.274652
9.255891
9.265130
9.280406
9.253712
9.248497
9.236600
9.243302
9.241305
9.266797
9.258375
9.258342
9.232059
9.233884
9.278469
9.259107
9.252742
9.266554
9.276562
9.252312
9.265874
9.258363
9.283737
9.242309
9.254669
9.241682
9.259998
9.256321
9.251338
9.256708
9.282638
9.270622
9.242201
